-6.2831854820251465 10.669486045837402
-6.220037937164307 9.948616027832031
-6.156890392303467 10.900299072265625
-6.093742847442627 12.539917945861816
-6.030595302581787 12.675739288330078
-5.967447757720947 12.7058687210083
-5.904299736022949 12.36046028137207
-5.841152191162109 10.471351623535156
-5.7780046463012695 14.594381332397461
-5.71485710144043 13.581713676452637
-5.65170955657959 12.29289436340332
-5.58856201171875 13.114429473876953
-5.52541446685791 11.714728355407715
-5.46226692199707 10.748514175415039
-5.3991193771362305 13.249929428100586
-5.335971832275391 16.71660804748535
-5.272824287414551 15.912089347839355
-5.209676265716553 10.491162300109863
-5.146528720855713 15.273699760437012
-5.083381175994873 13.909490585327148
-5.020233631134033 14.634061813354492
-4.957086086273193 14.913848876953125
-4.8939385414123535 13.645130157470703
-4.830790996551514 11.693803787231445
-4.767643451690674 11.751474380493164
-4.704495906829834 13.229793548583984
-4.641348361968994 9.642914772033691
-4.578200340270996 2.275116443634033
-4.515052795410156 6.9088873863220215
-4.451905250549316 7.101468086242676
-4.388757705688477 7.376143455505371
-4.325610160827637 6.873312950134277
-4.262462615966797 7.984412670135498
-4.199315071105957 0.23490095138549805
-4.136167526245117 2.1424949169158936
-4.073019981384277 1.8176873922348022
-4.0098724365234375 4.243608474731445
-3.9467246532440186 1.452871322631836
-3.8835771083831787 0.18093734979629517
-3.820429563522339 -0.9622266888618469
-3.75728178024292 -2.383620023727417
-3.69413423538208 -3.0618746280670166
-3.6309866905212402 -0.9191029071807861
-3.5678391456604004 -4.992204189300537
-3.5046916007995605 -5.467517852783203
-3.4415440559387207 -8.500821113586426
-3.3783962726593018 -9.677532196044922
-3.315248727798462 -7.394096374511719
-3.252101182937622 -11.930404663085938
-3.1889536380767822 -8.294862747192383
-3.1258060932159424 -10.037649154663086
-3.0626583099365234 -12.343358993530273
-2.9995107650756836 -8.989813804626465
-2.9363632202148438 -12.779569625854492
-2.873215675354004 -14.021734237670898
-2.810068130493164 -12.339394569396973
-2.746920585632324 -14.873473167419434
-2.6837728023529053 -13.921870231628418
-2.6206252574920654 -11.729087829589844
-2.5574777126312256 -13.081748008728027
-2.4943301677703857 -12.153925895690918
-2.431182622909546 -11.545305252075195
-2.368034839630127 -18.076921463012695
-2.304887294769287 -14.351346015930176
-2.2417397499084473 -15.849617004394531
-2.1785922050476074 -15.472273826599121
-2.1154446601867676 -13.395806312561035
-2.0522968769073486 -12.238155364990234
-1.9891493320465088 -15.747224807739258
-1.926001787185669 -9.492156028747559
-1.862854242324829 -8.209071159362793
-1.7997065782546997 -9.35919189453125
-1.7365590333938599 -8.551969528198242
-1.67341148853302 -8.94205379486084
-1.6102638244628906 -11.342951774597168
-1.5471162796020508 -9.222501754760742
-1.483968734741211 -12.188352584838867
-1.4208210706710815 -10.075632095336914
-1.3576735258102417 -6.636187553405762
-1.2945258617401123 -7.973453521728516
-1.2313783168792725 -8.275650024414062
-1.1682307720184326 -4.304651737213135
-1.1050831079483032 -4.393152236938477
-1.0419355630874634 -4.063797473907471
-0.9787879586219788 -3.45536470413208
-0.9156403541564941 2.639753818511963
-0.8524928092956543 -5.0503363609313965
-0.7893452048301697 -3.2107796669006348
-0.7261976003646851 0.021016716957092285
-0.6630499958992004 1.064004898071289
-0.5999023914337158 2.948951005935669
-0.536754846572876 5.012371063232422
-0.47360724210739136 5.409554958343506
-0.41045963764190674 4.22902774810791
-0.3473120629787445 6.43992805480957
-0.2841644883155823 7.447744846343994
-0.22101688385009766 7.260772705078125
-0.15786929428577423 8.582700729370117
-0.0947217047214508 8.607412338256836
-0.03157411515712738 10.743107795715332
0.03157411515712738 8.111178398132324
0.0947217047214508 13.696329116821289
0.15786929428577423 10.416712760925293
0.22101688385009766 15.939345359802246
0.2841644883155823 10.812527656555176
0.3473120629787445 10.859870910644531
0.41045963764190674 12.326013565063477
0.47360724210739136 10.626799583435059
0.536754846572876 13.454869270324707
0.5999023914337158 13.750127792358398
0.6630499958992004 14.673528671264648
0.7261976003646851 13.990635871887207
0.7893452048301697 18.160369873046875
0.8524928092956543 16.890838623046875
0.9156403541564941 15.187899589538574
0.9787879586219788 13.026192665100098
1.0419355630874634 13.258630752563477
1.1050831079483032 14.575160026550293
1.1682307720184326 13.927740097045898
1.2313783168792725 12.70543098449707
1.2945258617401123 13.65803050994873
1.3576735258102417 8.229818344116211
1.4208210706710815 10.310921669006348
1.483968734741211 10.845539093017578
1.5471162796020508 9.958505630493164
1.6102638244628906 7.87362003326416
1.67341148853302 12.559659004211426
1.7365590333938599 5.496500015258789
1.7997065782546997 11.225592613220215
1.862854242324829 8.178586959838867
1.926001787185669 6.067787170410156
1.9891493320465088 2.6468183994293213
2.0522968769073486 4.0309529304504395
2.1154446601867676 1.4239474534988403
2.1785922050476074 1.5820873975753784
2.2417397499084473 0.9210501909255981
2.304887294769287 1.8085805177688599
2.368034839630127 -0.4020906686782837
2.431182622909546 -3.1480367183685303
2.4943301677703857 -2.022757053375244
2.5574777126312256 -2.623206377029419
2.6206252574920654 -1.758305549621582
2.6837728023529053 -6.843816757202148
2.746920585632324 -4.323948383331299
2.810068130493164 -5.4569292068481445
2.873215675354004 -8.889122009277344
2.9363632202148438 -8.178004264831543
2.9995107650756836 -8.037322998046875
3.0626583099365234 -10.982963562011719
3.1258060932159424 -9.422016143798828
3.1889536380767822 -8.602338790893555
3.252101182937622 -8.384928703308105
3.315248727798462 -7.525479316711426
3.3783962726593018 -13.422442436218262
3.4415440559387207 -12.040617942810059
3.5046916007995605 -15.200294494628906
3.5678391456604004 -14.222481727600098
3.6309866905212402 -13.162562370300293
3.69413423538208 -15.645956993103027
3.75728178024292 -14.927755355834961
3.820429563522339 -16.932449340820312
3.8835771083831787 -14.983656883239746
3.9467246532440186 -17.28194236755371
4.0098724365234375 -15.502644538879395
4.073019981384277 -14.97780704498291
4.136167526245117 -11.739870071411133
4.199315071105957 -9.508338928222656
4.262462615966797 -10.17153549194336
4.325610160827637 -15.051209449768066
4.388757705688477 -13.008824348449707
4.451905250549316 -11.861825942993164
4.515052795410156 -10.473559379577637
4.578200340270996 -11.762207984924316
4.641348361968994 -9.025651931762695
4.704495906829834 -10.762967109680176
4.767643451690674 -9.359119415283203
4.830790996551514 -7.695716381072998
4.8939385414123535 -7.540374755859375
4.957086086273193 -6.16432523727417
5.020233631134033 -8.862159729003906
5.083381175994873 -2.5486011505126953
5.146528720855713 -4.629992961883545
5.209676265716553 -4.7623419761657715
5.272824287414551 -1.5485682487487793
5.335971832275391 -1.740206003189087
5.3991193771362305 -1.341683268547058
5.46226692199707 0.7754096984863281
5.52541446685791 -0.9985201358795166
5.58856201171875 2.2612576484680176
5.65170955657959 -0.6533043384552002
5.71485710144043 1.0164837837219238
5.7780046463012695 2.7828893661499023
5.841152191162109 6.763552188873291
5.904299736022949 7.270239353179932
5.967447757720947 9.060781478881836
6.030595302581787 1.3142600059509277
6.093742847442627 7.489082336425781
6.156890392303467 8.954131126403809
6.220037937164307 6.920112609863281
6.2831854820251465 12.576586723327637
